00
D6
5F
65
74
9C
66
40
E3
C8
21
D5
AE
76
11
CD
6D
75
C1
3B
1B
95
9E
32
32
25
03
33
00
32
32
24
53
33
22
00
32
03
10
21
03
30
24
31
03
11
24
22
02
20
35
32
30
32
11
45
30
23
22
40
44
13
11
42
15
20
43
15
03
05
24
10
52
33
44
54
43
03
50
44
31
50
05
53
52
23
23
34
20
05
21
14
24
43
24
01
31
44
52
10
33
22
04
52
34
23
32
00
12
42
03
33
44
00
42
21
04
33
52
13
24
23
25
34
13
30
11
30
35
44
05
13
41
33
24
33
42
12
33
23
22
23
24
01
01
02
01
3E
28
02
03
05
03
06
07
01
01
02
02
03
04
01
02
01
10
01
02
02
02
03
01
01
05
04
01
01
01
01
02
01
1A
02
01
03
01
01
02
01
02
11
01
02
01
01
01
01
01
01
01
19
02
01
03
03
01
01
01
01
02
03
04
05
06
03
01
02
01
06
05
04
03
02
01
03
01
01
03
03
01
05
04
06
02
03
01
01
01
03
01
04
03
07
03
02
01
02
01
15
1A
02
03
01
02
06
05
01
02
01
03
04
08
01
02
01
0A
01
02
04
02
03
05
02
04
04
01
01
02
04
01
07
0F
01
02
03
01
01
02
02
01
0C
04
01
03
01
01
01
01
01
01
18
05
01
01
03
01
01
02
03
02
05
01
02
03
03
01
02
01
06
05
04
03
02
01
03
01
01
03
03
01
05
04
06
02
03
02
01
01
01
03
03
02
04
04
01
01
02
01
02
02
03
02
1D
4D
06
08
01
01
02
01
02
03
02
07
01
12
01
01
02
02
02
01
03
02
04
01
01
02
02
01
04
0E
01
05
03
01
01
02
05
02
0D
01
01
02
01
01
01
01
01
01
16
04
01
04
03
01
01
01
04
02
03
05
06
01
03
01
02
03
02
05
03
03
02
01
03
01
01
03
03
01
05
04
06
02
03
01
02
03
04
02
01
02
02
01
01
01
02
04
44
26
01
02
01
01
06
0A
01
01
01
02
03
02
01
02
01
08
02
01
05
03
01
02
08
02
04
01
01
01
01
02
04
17
01
02
03
01
01
01
02
01
0F
03
02
04
01
01
01
01
01
01
16
06
01
02
03
01
01
01
01
02
03
04
05
06
03
01
01
02
07
04
04
03
02
03
03
01
01
03
03
01
05
04
06
02
03
01
02
01
02
02
02
02
03
06
01
01
01
02
3F
2F
01
03
01
02
06
01
05
03
08
03
01
02
01
03
01
0E
01
02
02
02
01
01
07
04
04
01
01
02
01
02
04
16
01
01
03
01
01
01
01
02
12
01
04
01
01
01
01
01
01
01
03
19
01
02
03
01
01
01
01
02
03
04
05
06
03
02
03
02
01
02
05
01
01
01
03
01
01
03
02
02
05
04
06
02
03
01
01
01
03
01
05
02
07
03
