0D
F2
13
DF
B6
48
D3
10
05
02
41
21
31
12
41
24
13
03
31
25
03
52
33
14
50
22
35
00
02
50
10
11
53
20
53
15
23
12
22
53
12
52
32
22
13
03
20
15
50
24
45
13
33
30
32
13
32
50
33
20
23
02
33
01
33
30
21
30
13
12
22
22
22
45
52
35
43
50
44
53
31
51
05
25
13
22
20
54
35
11
44
32
40
25
52
24
12
12
12
45
23
33
10
35
53
40
24
25
31
23
03
11
01
24
23
22
53
22
25
12
33
24
53
13
13
33
30
42
01
01
02
01
3E
28
02
03
05
03
06
07
01
01
02
02
03
04
01
02
01
10
01
02
02
02
03
01
01
05
04
01
01
01
01
02
01
1A
02
01
03
01
01
02
01
02
11
01
02
01
01
01
01
01
01
01
19
02
01
03
03
01
01
01
01
02
03
04
05
06
03
01
02
01
06
05
04
03
02
01
03
01
01
03
03
01
05
04
06
02
03
01
01
01
03
01
04
03
07
03
02
01
02
01
15
1A
02
03
01
02
06
05
01
02
01
03
04
08
01
02
01
0A
01
02
04
02
03
05
02
04
04
01
01
02
04
01
07
0F
01
02
03
01
01
02
02
01
0C
04
01
03
01
01
01
01
01
01
18
05
01
01
03
01
01
02
03
02
05
01
02
03
03
01
02
01
06
05
04
03
02
01
03
01
01
03
03
01
05
04
06
02
03
02
01
01
01
03
03
02
04
04
01
01
02
01
02
02
03
02
1D
4D
06
08
01
01
02
01
02
03
02
07
01
12
01
01
02
02
02
01
03
02
04
01
01
02
02
01
04
0E
01
05
03
01
01
02
05
02
0D
01
01
02
01
01
01
01
01
01
16
04
01
04
03
01
01
01
04
02
03
05
06
01
03
01
02
03
02
05
03
03
02
01
03
01
01
03
03
01
05
04
06
02
03
01
02
03
04
02
01
02
02
01
01
01
02
04
44
26
01
02
01
01
06
0A
01
01
01
02
03
02
01
02
01
08
02
01
05
03
01
02
08
02
04
01
01
01
01
02
04
17
01
02
03
01
01
01
02
01
0F
03
02
04
01
01
01
01
01
01
16
06
01
02
03
01
01
01
01
02
03
04
05
06
03
01
01
02
07
04
04
03
02
03
03
01
01
03
03
01
05
04
06
02
03
01
02
01
02
02
02
02
03
06
01
01
01
02
3F
2F
01
03
01
02
06
01
05
03
08
03
01
02
01
03
01
0E
01
02
02
02
01
01
07
04
04
01
01
02
01
02
04
16
01
01
03
01
01
01
01
02
12
01
04
01
01
01
01
01
01
01
03
19
01
02
03
01
01
01
01
02
03
04
05
06
03
02
03
02
01
02
05
01
01
01
03
01
01
03
02
02
05
04
06
02
03
01
01
01
03
01
05
02
07
03
