04
83
8E
02
48
48
A9
C0
64
B8
04
05
EA
4D
47
53
12
D0
9F
5F
93
F1
1A
43
00
00
35
43
00
51
00
00
33
52
00
32
21
00
21
34
03
00
00
00
00
00
00
00
00
00
00
00
00
32
00
00
22
53
00
21
00
00
04
55
00
55
30
00
52
02
50
00
00
00
00
00
00
00
00
00
00
00
00
21
00
00
22
52
00
42
00
00
23
50
00
32
22
00
10
22
34
00
00
00
00
00
00
00
00
00
00
00
00
12
00
00
21
25
00
32
00
00
01
42
00
32
42
00
34
13
52
00
00
00
00
00
00
00
00
00
00
00
00
01
01
00
00
4C
2C
00
00
00
00
06
12
01
00
02
02
05
05
00
00
01
14
00
00
02
02
00
00
00
00
05
01
01
00
01
02
01
1D
00
00
06
01
01
00
01
02
18
00
00
00
01
01
01
01
01
01
1C
02
01
00
00
00
00
00
00
00
00
00
00
00
00
00
00
00
00
00
00
00
00
00
00
00
00
00
00
00
00
00
00
00
00
00
00
00
00
00
00
00
00
00
02
01
00
00
26
16
00
00
00
00
06
12
01
00
01
03
04
06
00
00
01
0A
00
00
06
02
00
00
00
00
05
01
01
00
01
02
03
1B
00
00
06
01
01
00
02
01
18
00
00
00
01
01
01
01
01
01
19
05
01
00
00
00
00
00
00
00
00
00
00
00
00
00
00
00
00
00
00
00
00
00
00
00
00
00
00
00
00
00
00
00
00
00
00
00
00
00
00
00
00
00
01
01
00
00
2B
4D
00
00
00
00
06
12
01
00
03
01
04
06
00
00
01
14
00
00
02
02
00
00
00
00
05
01
01
00
02
01
02
1C
00
00
06
01
01
00
02
01
18
00
00
00
01
01
01
01
01
01
1A
04
01
00
00
00
00
00
00
00
00
00
00
00
00
00
00
00
00
00
00
00
00
00
00
00
00
00
00
00
00
00
00
00
00
00
00
00
00
00
00
00
00
00
01
01
00
00
4A
2E
00
00
00
00
06
12
01
00
03
01
07
03
00
00
01
0A
00
00
05
03
00
00
00
00
05
01
01
00
01
02
03
1B
00
00
06
01
01
00
02
01
18
00
00
00
01
01
01
01
01
01
1A
04
01
00
00
00
00
00
00
00
00
00
00
00
00
00
00
00
00
00
00
00
00
00
00
00
00
00
00
00
00
00
00
00
00
00
00
00
00
00
00
00
00
00
01
01
00
00
50
28
00
00
00
00
06
01
12
00
06
04
02
02
00
00
01
14
00
00
02
02
00
00
00
00
05
01
01
00
01
02
04
1A
00
00
06
01
01
00
01
02
18
00
00
00
01
01
01
01
01
01
03
1B
01
00
00
00
00
00
00
00
00
00
00
00
00
00
00
00
00
00
00
00
00
00
00
00
00
00
00
00
00
00
00
00
00
00
00
00
00
00
00
00
00
00
