0F
3B
E5
02
D9
92
F9
20
A9
B8
6C
61
DE
AA
F7
1B
47
1D
7C
7E
D6
98
CD
24
25
23
25
11
32
55
21
32
23
32
31
22
55
14
23
22
03
35
04
33
01
43
02
35
23
05
31
25
43
51
15
52
25
53
51
00
23
32
12
53
10
33
15
03
12
20
00
20
12
35
13
42
30
53
03
42
11
23
11
31
22
23
34
22
33
12
22
12
43
21
15
43
03
21
43
23
13
50
01
53
03
15
10
10
30
55
32
42
22
22
20
02
43
15
20
52
21
50
25
42
22
41
24
23
21
05
23
12
44
12
34
23
11
25
52
12
22
33
12
01
01
02
01
3E
28
02
03
05
03
06
07
01
01
02
02
03
04
01
02
01
10
01
02
02
02
03
01
01
05
04
01
01
01
01
02
01
1A
02
01
03
01
01
02
01
02
11
01
02
01
01
01
01
01
01
01
19
02
01
03
03
01
01
01
01
02
03
04
05
06
03
01
02
01
06
05
04
03
02
01
03
01
01
03
03
01
05
04
06
02
03
01
01
01
03
01
04
03
07
03