01
42
DC
00
2A
B4
11
C0
F5
D4
5B
78
2B
5B
16
35
E1
2B
1F
ED
34
FD
C6
03
20
32
22
43
02
21
31
22
22
30
22
33
54
03
25
31
30
32
34
25
52
34
22
33
20
42
31
12
33
32
10
30
42
45
20
53
30
12
53
35
54
23
04
10
53
12
50
11
11
22
33
24
31
15
12
03
12
32
25
20
23
52
00
32
50
33
32
13
24
05
33
35
42
23
42
43
43
03
30
30
30
13
00
34
52
22
21
43
43
23
40
52
14
03
33
43
34
12
20
21
02
55
30
55
30
25
45
50
32
21
22
55
30
34
15
13
33
30
23
01
01
02
01
3E
28
02
03
05
03
06
07
01
01
02
02
03
04
01
02
01
10
01
02
02
02
03
01
01
05
05
01
01
01
01
02
01
1A
02
01
03
01
01
02
01
02
11
01
02
01
01
01
01
01
01
01
19
02
01
03
03
01
01
01
01
02
03
04
05
06
04
01
02
01
06
05
04
03
02
01
03
01
01
03
03
01
05
04
06
02
04
01
01
01
01
03
05
02
04
06
02
01
02
01
15
1A
02
03
01
02
06
05
01
02
01
03
04
08
01
02
01
0A
01
02
04
02
07
01
02
04
05
01
01
02
03
02
07
0F
01
02
03
01
01
02
02
01
0C
04
01
03
01
01
01
01
01
01
18
05
01
01
03
01
01
02
03
02
02
04
02
03
04
01
02
01
06
05
04
03
02
01
03
01
01
03
03
01
05
04
06
02
04
02
01
01
01
03
03
02
04
04
01
01
02
01
02
02
03
02
21
49
06
09
01
01
02
01
03
05
01
02
01
12
01
01
02
02
02
01
03
02
05
01
01
02
02
01
02
10
01
05
03
01
01
02
05
02
0D
01
01
02
01
01
01
01
01
01
16
04
01
04
03
01
01
01
04
02
03
05
06
01
04
01
02
03
02
05
03
03
02
01
03
01
01
03
03
01
05
04
06
02
04
01
02
03
04
02
01
02
02
01
01
01
02
04
48
22
01
02
01
01
06
0A
01
01
01
02
03
02
02
01
01
08
02
01
05
03
01
02
08
02
05
01
01
01
01
02
04
17
01
02
03
01
01
01
02
01
11
01
02
04
01
01
01
01
01
01
18
04
01
02
03
01
01
01
01
02
03
04
05
06
04
01
01
02
07
04
04
03
02
03
03
01
01
03
03
01
05
04
06
02
04
01
02
01
01
03
02
02
03
06
01
01
01
02
41
2D
01
03
01
02
06
01
05
03
06
05
01
02
01
03
01
0E
01
02
02
02
01
01
07
04
05
01
01
02
01
02
04
16
01
01
03
01
01
01
01
02
12
01
04
01
01
01
01
01
01
01
03
19
01
02
03
01
01
01
01
02
03
04
05
06
04
02
03
02
01
02
05
01
01
01
03
01
01
03
02
02
06
03
06
02
04
01
01
01
02
02
04
03
08
02
