14
DF
09
A1
E4
43
64
40
88
3F
A4
55
71
0D
69
5A
7A
E0
EE
11
65
E1
CD
45
03
52
35
20
22
45
12
33
20
21
52
20
25
15
23
31
15
32
42
30
13
33
00
24
34
25
15
01
02
35
34
03
22
30
41
43
24
24
13
22
11
21
03
40
23
22
52
23
53
35
21
24
15
13
13
23
24
22
20
23
21
11
23
15
02
03
32
22
45
03
23
43
24
00
51
21
33
25
24
33
20
52
22
31
52
43
45
43
51
14
34
22
31
35
03
23
52
52
13
43
50
05
43
44
22
35
34
23
22
32
02
22
15
32
44
44
02
24
54
01
01
02
01
48
1E
02
03
05
03
06
12
01
01
02
02
03
04
01
02
01
10
01
02
02
02
03
01
01
05
05
01
01
01
01
02
01
1A
02
01
06
01
01
02
01
02
11
01
02
01
01
01
01
01
01
01
19
02
01
03
03
01
01
01
01
02
03
04
05
06
04
01
02
01
06
05
04
03
02
01
03
01
01
03
03
01
05
04
06
02
05
01
01
01
01
03
05
02
04
06
02
01
02
01
13
1C
02
03
01
02
06
0F
01
03
01
03
04
06
01
03
01
0A
01
02
04
02
07
01
02
04
05
01
01
02
03
02
07
0F
01
02
06
01
01
02
02
01
0C
04
01
03
01
01
01
01
01
01
18
05
01
01
03
01
01
02
03
02
02
04
02
03
04
01
02
01
06
05
04
03
02
01
03
01
01
03
03
01
05
04
06
02
05
02
01
01
01
03
03
02
04
04
01
01
02
01
25
4B
03
02
02
02
06
10
01
01
03
01
04
0B
01
02
01
12
01
01
02
02
02
01
03
02
05
01
01
02
02
01
02
10
01
05
06
01
01
02
05
02
0D
01
01
02
01
01
01
01
01
01
16
04
01
04
03
01
01
01
04
02
03
05
06
01
04
01
02
03
02
05
03
03
02
01
03
01
01
03
03
01
05
04
06
02
05
01
02
03
04
02
01
02
02
01
01
01
02
04
4A
20
01
02
01
01
06
0D
01
02
03
02
07
04
02
01
01
08
02
01
05
03
01
02
08
02
05
01
01
01
01
02
04
17
01
02
06
01
01
01
02
01
11
01
02
04
01
01
01
01
01
01
18
04
01
02
03
01
01
01
01
02
03
04
05
06
04
01
01
02
07
04
04
03
02
03
03
01
01
03
03
01
05
04
06
02
05
01
02
01
01
03
02
02
03
06
01
01
01
02
50
1E
01
03
01
02
06
01
11
01
06
04
02
02
01
03
01
0E
01
02
02
02
01
01
07
04
05
01
01
02
01
02
04
16
01
01
06
01
01
01
01
02
12
01
04
01
01
01
01
01
01
01
03
19
01
02
03
01
01
01
01
02
03
04
05
06
04
02
03
02
01
02
05
01
01
01
03
01
01
03
02
02
06
03
06
02
05
01
01
01
02
02
04
03
08
02
