11
6F
6B
D6
FB
7E
79
F0
00
51
25
51
22
25
50
55
22
33
40
24
13
22
34
32
30
25
12
25
11
22
43
44
43
42
35
05
33
52
22
32
53
02
45
33
24
32
01
35
44
52
13
20
03
23
03
14
55
32
23
21
00
21
33
22
10
32
00
23
25
43
23
54
14
03
34
24
32
20
33
24
22
02
50
03
32
02
33
02
02
22
33
35
02
13
34
23
02
01
53
31
04
32
32
30
55
52
20
34
02
30
12
43
50
42
13
34
53
34
35
12
11
13
01
43
41
31
32
21
01
01
02
01
3E
28
02
03
05
03
06
07
01
01
02
02
03
04
01
02
01
10
01
02
02
02
03
01
01
05
04
01
01
01
01
02
01
1A
02
01
03
01
01
02
01
02
11
01
02
01
01
01
01
01
01
01
19
02
01
03
03
01
01
01
01
02
03
04
05
06
03
01
02
01
06
05
04
03
02
01
03
01
01
03
03
01
05
04
06
02
03
01
01
01
03
01
04
03
07
03